,midi_note_num,diatonic_note_num,chromatic_pitch_class,offset,duration,diatonic_pitch_class,chromatic_interval,diatonic_interval
0,68,34,8,0.0,1.0,6,0,0
1,70,35,10,0.0,1.0,0,2,1
2,67,33,7,1.0,1.0,5,-3,-2
3,68,34,8,0.0,1.0,6,1,1
4,65,32,5,1.0,1.0,4,-3,-2
5,65,32,5,2.0,1.0,4,0,0
6,60,29,0,0.0,1.0,1,-5,-3
7,65,32,5,1.0,1.0,4,5,3
8,60,29,0,2.0,1.0,1,-5,-3
9,70,35,10,0.0,1.0,0,10,6
10,68,34,8,1.0,1.0,6,-2,-1