,midi_note_num,diatonic_note_num,chromatic_pitch_class,offset,duration,diatonic_pitch_class,chromatic_interval,diatonic_interval
0,78,40,6,1.0,1.5,5,1,1
1,73,37,1,2.5,0.5,2,-5,-3
2,76,38,4,0.0,0.5,3,3,1
3,72,36,0,0.5,0.5,1,-4,-2
4,70,35,10,1.0,1.0,0,-2,-1
5,70,35,10,2.0,1.0,0,0,0
6,77,39,5,0.0,0.5,4,7,4
7,80,41,8,0.5,0.5,6,3,2
8,78,40,6,1.0,1.0,5,-2,-1
9,78,40,6,2.0,0.5,5,0,0
10,73,37,1,2.5,0.5,2,-5,-3
11,76,38,4,0.0,0.5,3,3,1
12,72,36,0,0.5,0.5,1,-4,-2
13,70,35,10,1.0,2.0,0,-2,-1